0 1 2 3 4 5 6 7 8 26 37 48 59 124 135 146 155 162 161 160 159 158 157 156 147 136 125 114 109 70 81 92 101 108 107 106 105 104 103 102 93 82 71 60 49 38 27 16
0 9 10 11 12 13 14 15 8
0 17 28 39 50 61 72 83 93
16 17 18 19 20 21 22 23 24 25 26
27 28 29 30 31 32 33 34 35 36 37
38 39 40 41 42 43 44 45 46 47 48
49 50 51 52 53 54 119 130 141 151 159
60 61 62 63 64 65 66 67 68 69 70
71 72 73 74 75 76 77 78 79 80 81
82 83 84 85 86 87 88 89 90 91 92
93 94 95 96 97 98 99 100 101
102 94 84 73 62 51 40 29 18 9 1
103 95 85 74 63 52 41 30 19 10 2
104 96 86 75 64 53 42 31 20 11 3
105 97 87 76 65 54 55 56 57 58 59
106 98 88 77 66 113 118 129 140 150 158
107 99 89 78 67 112 117 128 139 149 157
108 100 90 79 68 111 116 127 138 148 156
101 91 80 69 110 115 126 137 147
109 110 111 112 113 54 43 32 21 12 4
114 115 116 117 118 119 120 121 122 123 124
125 126 127 128 129 130 131 132 133 134 135
136 137 138 139 140 141 142 143 144 145 146
147 148 149 150 151 152 153 154 155
160 152 142 131 120 55 44 33 22 13 5
161 153 143 132 121 56 45 34 23 14 6
162 154 144 133 122 57 46 35 24 15 7
155 145 134 123 58 47 36 25 8
